  4357037 19 17 19.197 +39 27 19.10             18.2 0.50 -0.17           KIS   K1  40109 Colors     1
  4552982 19 16 43.827 +39 38 49.69             17.7            0.02 0.03 SSS   K1  40050 Colors     2
  7594781 19 08 35.880 +43 16 42.36             18.1 0.56 -0.16           KIS   K1  40109 Colors     1
 10132702 19 13 40.893 +47 09 31.28             19.0 0.50 -0.16           KIS   K1  40105 Colors     1
 11911480 19 20 24.897 +50 17 21.32             18.0 0.43 -0.16           KIS   K1  40105 Colors     3
 60017836 23 38 50.740 -07 41 19.90 GD 1212     13.3                            Eng DDT   KnownZZ    4
201355934 11 36 04.013 -01 36 58.09 WD 1133-013 17.8 0.46 -0.17           SDSS  C1  1016  KnownZZ    5
201719578 11 22 21.104 +03 58 22.41 WD 1119+042 18.1 0.39 -0.01           SDSS  C1  1016  KnownZZ    6
201730811 11 36 55.157 +04 09 52.80 WD 1134+044 17.1 0.49 -0.11           SDSS  C1  1015  Spec. Teff 7
201802933 11 51 26.147 +05 25 12.90             17.6 0.42 -0.19           SDSS  C1  1016  Colors
201806008 11 51 54.200 +05 28 39.82 PG 1149+058 14.9 0.45 -0.13           SDSS  C1  1016  KnownZZ    8
206212611 22 20 24.230 -09 33 31.09             17.3 0.47 -0.14           SDSS  C3  3082  Colors
210397465 03 58 24.233 +13 24 30.79             17.6 0.65 -0.12           SDSS  C4  4043  Colors
211596649 08 32 03.984 +14 29 42.37             18.9 0.54 -0.18           SDSS  C5  5073  Colors
211629697 08 40 54.142 +14 57 08.98             18.3 0.46 -0.15           SDSS  C5  5043  Spec. Teff
211914185 08 37 02.160 +18 56 13.38             18.8 0.36 -0.21           SDSS  C5  5073  Colors     9
211916160 08 56 48.334 +18 58 04.92             18.9 0.40 -0.13           SDSS  C5  5073  Colors
211926430 09 00 41.080 +19 07 14.40             17.6 0.47 -0.20           SDSS  C5  5017  Spec. Teff
228682478 08 40 27.839 +13 20 09.96             18.2 0.35 -0.14           SDSS  C5  5043  Colors
229227292 13 42 11.621 -07 35 40.10             16.6 0.46 -0.12           ATLAS C6  6083  Colors
229228364 19 18 10.598 -26 21 05.00             17.8            0.10 0.03 SSS   C7  7083  Colors
220204626 01 11 23.888 +00 09 35.15 WD 0108-001 18.4                      SDSS  C8  8018  Spec. Teff 7
220258806 01 06 37.032 +01 45 03.01             16.2 0.41 -0.21           SDSS  C8  8018  Colors
220347759 00 51 24.245 +03 39 03.79 PHL 862     17.6 0.43 -0.18           SDSS  C8  8018  Colors
220453225 00 45 33.151 +05 44 46.96             17.9 0.42 -0.15           SDSS  C8  8018  Colors
229228478 01 22 34.683 +00 30 25.81 GD 842      16.9 0.43 -0.19           SDSS  C8  8018  KnownZZ    5
229228480 01 11 00.638 +00 18 07.15 WD 0108+000 18.8 0.45 -0.17           SDSS  C8  8018  KnownZZ    6
