  4357037 K1  18.0 25 68  1 0.55 1488.657916 36.31 98.9 0.159 1.018 1.050 0.963  358.1
  4552982 K1  17.9 25 68  4 0.85 1099.398257 82.63 88.1 0.070 0.722 0.722 0.665  778.2 1
  7594781 K1  18.2 25 45  1 0.52 1526.113126 31.84 99.3 0.182 0.749 0.781 0.664  333.3
 10132702 K1  18.8 25 48  2 0.61 1373.478019 97.67 91.8 0.059 1.431 1.483 1.441  749.3
 11911480 K1  17.6 25  2  2 0.48 1472.087602 85.86 84.7 0.067 0.764 0.794 0.766  276.9 2
 60017836 Eng 13.3 -1 76 93 0.97 1860.040459  8.91 98.9 0.649 0.284 0.297 0.172 1019.1 3
201355934 C1  17.9 14 39  4 0.33 1975.168594 77.52 92.9 0.075 0.478 0.493 0.462  208.2
201719578 C1  18.1 14 67 11 0.88 1975.168222 78.80 94.7 0.073 0.956 0.993 0.883  740.9
201730811 C1  17.1 14 46  8 0.98 1975.168490 77.18 94.7 0.075 0.253 0.262 0.242  248.4 4
201802933 C1  17.7 14 29 11 0.95 1975.168648 77.24 94.9 0.075 0.605 0.630 0.592  266.2
201806008 C1  15.0 14 29 33 0.91 1975.168653 78.91 95.3 0.073 0.311 0.322 0.162 1030.4
206212611 C3  17.4 10 46  6 0.97 2144.093232 69.18 98.3 0.084 0.304 0.314 0.321 1204.4
210397465 C4  17.7 10 54  8 0.96 2228.790357 70.90 98.7 0.082 0.945 0.980 0.879  841.0
211596649 C5  19.0 10 58  4 0.99 2306.600768 74.84 98.7 0.077 1.695 1.762 1.809  288.7
211629697 C5  18.4 10 38  5 0.98 2306.600916 74.84 98.7 0.077 0.758 0.784 0.772 1045.2
211914185 C5  18.9 10 46  5 0.97 2306.600805 74.84 98.7 0.077 0.922 0.955 0.976  161.7 5
211916160 C5  19.0 10 25  6 0.82 2306.601137 74.84 98.5 0.077 1.191 1.237 1.256  201.3
211926430 C5  17.7 10  9  6 0.96 2306.601189 74.84 98.4 0.077 0.471 0.486 0.456  244.2
228682478 C5  18.3 10 39 10 0.74 2306.600932 74.84 98.2 0.077 0.395 0.410 0.413  301.1
229227292 C6  16.7  8 48  4 0.98 2384.453493 78.93 98.2 0.073 0.347 0.357 0.277  964.5
229228364 C7  17.9  9 39  7 0.98 2467.250743 78.72 98.0 0.074 0.487 0.508 0.495 1116.4
220204626 C8  17.2 11 54 19 0.83 2559.058649 78.72 98.3 0.074 0.805 0.832 0.846  642.7
220258806 C8  16.4 11 59  8 0.90 2559.058611 78.72 96.0 0.074 0.155 0.161 0.154  206.0
220347759 C8  17.7 11 64  8 0.83 2559.058460 78.72 96.5 0.074 0.458 0.470 0.476  209.3
220453225 C8  18.0 11 68  9 0.93 2559.058403 78.72 96.7 0.074 0.625 0.646 0.631 1034.9
229228478 C8  17.0 11 35 22 0.97 2559.058796 78.72 98.5 0.074 0.514 0.534 0.535  141.8
229228480 C8  18.9 11 54  8 0.89 2559.058649 78.72 98.6 0.074 2.501 2.586 2.618  280.0
