  4357037   18.2 WHT  2013 Jun 06 3 x 1200 0.9 1.07  77 12750 240 8.020 0.062 12650 8.013 0.62
  4552982 d 17.7 WHT  2014 Jul 25 5 x 1200 0.7 1.06  76 11240 160 8.280 0.053 10950 8.113 0.67
  7594781   18.1 WHT  2014 Jul 25 6 x 1800 0.8 1.11  70 12040 210 8.170 0.059 11730 8.107 0.67
 10132702   19.0 WHT  2013 Jun 06 3 x 1500 0.9 1.06  70 12220 240 8.170 0.072 11940 8.123 0.68
 11911480   18.0 WHT  2013 Jun 07 3 x 1200 1.0 1.22  68 11880 190 8.020 0.061 11580 7.959 0.58
 60017836   13.3 SOAR 2016 Jul 14 5 x 30   2.1 1.11 210 11280 140 8.144 0.040 10980 7.995 0.60
201355934   17.8 SOAR 2017 Apr 20 5 x 300  1.2 1.13  73 12050 170 8.016 0.047 11770 7.972 0.59
201719578   18.1 SOAR 2017 Apr 14 8 x 300  1.4 1.22  62 11390 150 8.068 0.047 11070 7.941 0.57
201730811   17.1 SOAR 2015 Jan 28 4 x 420  1.0 1.24 139 12600 170 7.964 0.043 12480 7.956 0.58
201802933   17.6 SOAR 2016 Feb 14 3 x 360  1.4 1.23  75 12530 180 8.136 0.046 12330 8.114 0.68
201806008 d 14.9 SOAR 2016 Jun 22 7 x 180  1.1 1.29 161 11200 140 8.182 0.040 10910 8.019 0.61
206212611   17.3 SOAR 2016 Jul 14 3 x 300  1.4 1.07  77 11120 150 8.170 0.048 10830 7.999 0.60
210397465   17.6 SOAR 2016 Sep 01 5 x 300  1.8 1.27  50 11520 160 7.782 0.054 11200 7.713 0.45
211596649   18.9 SOAR 2017 Feb 28 7 x 600  1.8 1.22  51 11890 180 7.967 0.057 11600 7.913 0.56
211629697 d 18.3 SOAR 2016 Dec 27 13 x 420 2.6 1.29  71 10890 150 7.950 0.060 10600 7.772 0.48
211914185   18.8 SOAR 2017 Jan 25 9 x 600  2.0 1.38  61 13620 380 8.437 0.058 13590 8.434 0.88
211916160   18.9 SOAR 2017 Apr 21 10 x 480 1.2 1.60  56 11820 170 8.027 0.053 11510 7.958 0.58
211926430   17.6 SOAR 2016 Dec 27 11 x 420 2.2 1.30  98 11740 160 8.065 0.045 11420 7.982 0.59
228682478   18.2 SOAR 2016 Jan 08 4 x 600  1.3 1.28  99 12340 170 8.226 0.046 12070 8.184 0.72
229227292 d 16.6 SOAR 2016 Feb 14 6 x 180  1.2 1.20 103 11530 150 8.146 0.042 11210 8.028 0.62
229228364 d 17.8 SOAR 2016 Jul 05 8 x 420  1.9 1.06 147 11330 140 8.172 0.043 11030 8.026 0.62
220204626   18.4 SOAR 2016 Jul 05 7 x 420  1.7 1.22  74 11940 250 8.255 0.061 11620 8.173 0.71
220258806   16.2 SOAR 2016 Jul 14 3 x 180  2.1 1.18 134 12890 200 8.093 0.047 12800 8.086 0.66
220347759   17.6 SOAR 2016 Jul 05 5 x 300  1.5 1.32  81 12860 200 8.087 0.047 12770 8.080 0.66
220453225 d 17.9 SOAR 2016 Jul 05 7 x 300  1.6 1.49  72 11540 160 8.153 0.045 11220 8.035 0.62
229228478   16.9 SOAR 2014 Oct 13 6 x 180  1.3 1.19  75 12610 180 7.935 0.045 12500 7.929 0.57
229228480   18.8 SOAR 2016 Aug 07 7 x 600  1.0 1.17  65 12640 190 8.202 0.047 12450 8.181 0.72
